 &control
    calculation       = 'nscf'
    restart_mode      = 'restart'
   prefix = 'graphane_H_oneside_DOS'
   outdir = '/scratch/erich/graphane_H_oneside_DOS'
   pseudo_dir='/opt/sharcnet/espresso/4.2.1/pseudo/'
    verbosity         = 'high'
    wf_collect        = .true.
 /
 &system 
      ibrav             =  8
      celldm(1)         =  9.30
      celldm(2)         =  1.732050808
      celldm(3)         =  4.5
      nat               =  24
      ntyp              =  2
      nbnd              =  80
      nosym             = .true.
    occupations = 'smearing' ,
    degauss = 0.020 ,
    smearing = 'methfessel-paxton' ,
      ecutwfc           =  45
 /
  &electrons
 /
ATOMIC_SPECIES
 H   0.5 H.pz-vbc.UPF
 C   0.5 C.pz-vbc.UPF
ATOMIC_POSITIONS (angstrom)
H       -0.000000238   0.000685612  13.610133901
H        2.460673809   0.000695595  13.610130529
H       -0.000000238   4.262342713  13.610801519
H        2.460673809   4.262346997  13.610797659
H        1.230342277   2.129990649  13.609930868
H        3.691005580   2.129990649  13.609930868
H        1.230339128   6.395206831  13.610472008
H        3.691008729   6.395206831  13.610472008
C       -0.000000238   0.002201348  12.386787519
C        2.460673809   0.002218444  12.386762137
C       -0.000000238   4.264499038  12.390732089
C        2.460673809   4.264497057  12.390724548
C       -0.000000238   1.418838162  12.155008822
C        2.460673809   1.418843108  12.155032948
C       -0.000000238   5.679166106  12.146506322
C        2.460673809   5.679209569  12.146536485
C        1.230323469   2.132479410  12.387303042
C        3.691024388   2.132479410  12.387303042
C        1.230322557   6.396015040  12.390582268
C        3.691025300   6.396015040  12.390582268
C        1.230338330   3.549007796  12.146212414
C        3.691009527   3.549007796  12.146212414
C        1.230331872   7.810318902  12.154042440
C        3.691015985   7.810318902  12.154042440
K_POINTS
36
      0.0833      0.0833      0.5000      1.0000
      0.0833      0.2500      0.5000      1.0000
      0.0833      0.4167      0.5000      1.0000
      0.0833      0.5833      0.5000      1.0000
      0.0833      0.7500      0.5000      1.0000
      0.0833      0.9167      0.5000      1.0000
      0.2500      0.0833      0.5000      1.0000
      0.2500      0.2500      0.5000      1.0000
      0.2500      0.4167      0.5000      1.0000
      0.2500      0.5833      0.5000      1.0000
      0.2500      0.7500      0.5000      1.0000
      0.2500      0.9167      0.5000      1.0000
      0.4167      0.0833      0.5000      1.0000
      0.4167      0.2500      0.5000      1.0000
      0.4167      0.4167      0.5000      1.0000
      0.4167      0.5833      0.5000      1.0000
      0.4167      0.7500      0.5000      1.0000
      0.4167      0.9167      0.5000      1.0000
      0.5833      0.0833      0.5000      1.0000
      0.5833      0.2500      0.5000      1.0000
      0.5833      0.4167      0.5000      1.0000
      0.5833      0.5833      0.5000      1.0000
      0.5833      0.7500      0.5000      1.0000
      0.5833      0.9167      0.5000      1.0000
      0.7500      0.0833      0.5000      1.0000
      0.7500      0.2500      0.5000      1.0000
      0.7500      0.4167      0.5000      1.0000
      0.7500      0.5833      0.5000      1.0000
      0.7500      0.7500      0.5000      1.0000
      0.7500      0.9167      0.5000      1.0000
      0.9167      0.0833      0.5000      1.0000
      0.9167      0.2500      0.5000      1.0000
      0.9167      0.4167      0.5000      1.0000
      0.9167      0.5833      0.5000      1.0000
      0.9167      0.7500      0.5000      1.0000
      0.9167      0.9167      0.5000      1.0000

