 &control
    calculation       = 'nscf'
    restart_mode      = 'restart'
   prefix = 'C16H2_row_close_optimized_1600kp_DOS'
   outdir = '/scratch/erich/C16H2_row_close_optimized_1600kp_DOS'
   pseudo_dir='/opt/sharcnet/espresso/4.3.1/pseudo/'
    verbosity         = 'high'
    wf_collect        = .true.
 /
 &system 
      ibrav             =  8
      celldm(1)         =  9.30
      celldm(2)         =  1.732050808
      celldm(3)         =  4.5
      nat               =  18
      ntyp              =  2
      nbnd              =  80
      nosym             = .true.
      ecutwfc           =  65
    smearing          = 'fermi-dirac'
    degauss           = 0.000735
 /
  &electrons
 /
ATOMIC_SPECIES
 H   0.5 H.pz-vbc.UPF
 C   0.5 C.pz-vbc.UPF
ATOMIC_POSITIONS (angstrom)
H        1.298345060   2.311789550  10.840060888
H        1.298478775   3.292322311  13.698052882
C        0.059500393  -0.038983773  12.230955298
C        2.538009903  -0.038978352  12.230883175
C        0.043493514   4.244793810  12.330303608
C        2.553882293   4.244787727  12.330336368
C        0.043464403   1.358886615  12.207455152
C        2.553874256   1.358901573  12.207314912
C        0.059525211   5.642662701  12.305992536
C        2.538015136   5.642663697  12.305995174
C        1.298646465   2.118323453  11.945661180
C        3.759354573   2.068284017  12.263420930
C        1.298784350   6.369385351  12.301110326
C        3.759456352   6.354474544  12.275289951
C        1.298679854   3.485428962  12.592375580
C        3.759369664   3.535363321  12.274749313
C        1.298773679   7.758373892  12.235506771
C        3.759442557   7.773238259  12.261503310
K_POINTS
1600
      0.0125      0.0125      0.5000      1.0000
      0.0125      0.0375      0.5000      1.0000
      0.0125      0.0625      0.5000      1.0000
      0.0125      0.0875      0.5000      1.0000
      0.0125      0.1125      0.5000      1.0000
      0.0125      0.1375      0.5000      1.0000
      0.0125      0.1625      0.5000      1.0000
      0.0125      0.1875      0.5000      1.0000
      0.0125      0.2125      0.5000      1.0000
      0.0125      0.2375      0.5000      1.0000
      0.0125      0.2625      0.5000      1.0000
      0.0125      0.2875      0.5000      1.0000
      0.0125      0.3125      0.5000      1.0000
      0.0125      0.3375      0.5000      1.0000
      0.0125      0.3625      0.5000      1.0000
      0.0125      0.3875      0.5000      1.0000
      0.0125      0.4125      0.5000      1.0000
      0.0125      0.4375      0.5000      1.0000
      0.0125      0.4625      0.5000      1.0000
      0.0125      0.4875      0.5000      1.0000
      0.0125      0.5125      0.5000      1.0000
      0.0125      0.5375      0.5000      1.0000
      0.0125      0.5625      0.5000      1.0000
      0.0125      0.5875      0.5000      1.0000
      0.0125      0.6125      0.5000      1.0000
      0.0125      0.6375      0.5000      1.0000
      0.0125      0.6625      0.5000      1.0000
      0.0125      0.6875      0.5000      1.0000
      0.0125      0.7125      0.5000      1.0000
      0.0125      0.7375      0.5000      1.0000
      0.0125      0.7625      0.5000      1.0000
      0.0125      0.7875      0.5000      1.0000
      0.0125      0.8125      0.5000      1.0000
      0.0125      0.8375      0.5000      1.0000
      0.0125      0.8625      0.5000      1.0000
      0.0125      0.8875      0.5000      1.0000
      0.0125      0.9125      0.5000      1.0000
      0.0125      0.9375      0.5000      1.0000
      0.0125      0.9625      0.5000      1.0000
      0.0125      0.9875      0.5000      1.0000
      0.0375      0.0125      0.5000      1.0000
      0.0375      0.0375      0.5000      1.0000
      0.0375      0.0625      0.5000      1.0000
      0.0375      0.0875      0.5000      1.0000
      0.0375      0.1125      0.5000      1.0000
      0.0375      0.1375      0.5000      1.0000
      0.0375      0.1625      0.5000      1.0000
      0.0375      0.1875      0.5000      1.0000
      0.0375      0.2125      0.5000      1.0000
      0.0375      0.2375      0.5000      1.0000
      0.0375      0.2625      0.5000      1.0000
      0.0375      0.2875      0.5000      1.0000
      0.0375      0.3125      0.5000      1.0000
      0.0375      0.3375      0.5000      1.0000
      0.0375      0.3625      0.5000      1.0000
      0.0375      0.3875      0.5000      1.0000
      0.0375      0.4125      0.5000      1.0000
      0.0375      0.4375      0.5000      1.0000
      0.0375      0.4625      0.5000      1.0000
      0.0375      0.4875      0.5000      1.0000
      0.0375      0.5125      0.5000      1.0000
      0.0375      0.5375      0.5000      1.0000
      0.0375      0.5625      0.5000      1.0000
      0.0375      0.5875      0.5000      1.0000
      0.0375      0.6125      0.5000      1.0000
      0.0375      0.6375      0.5000      1.0000
      0.0375      0.6625      0.5000      1.0000
      0.0375      0.6875      0.5000      1.0000
      0.0375      0.7125      0.5000      1.0000
      0.0375      0.7375      0.5000      1.0000
      0.0375      0.7625      0.5000      1.0000
      0.0375      0.7875      0.5000      1.0000
      0.0375      0.8125      0.5000      1.0000
      0.0375      0.8375      0.5000      1.0000
      0.0375      0.8625      0.5000      1.0000
      0.0375      0.8875      0.5000      1.0000
      0.0375      0.9125      0.5000      1.0000
      0.0375      0.9375      0.5000      1.0000
      0.0375      0.9625      0.5000      1.0000
      0.0375      0.9875      0.5000      1.0000
      0.0625      0.0125      0.5000      1.0000
      0.0625      0.0375      0.5000      1.0000
      0.0625      0.0625      0.5000      1.0000
      0.0625      0.0875      0.5000      1.0000
      0.0625      0.1125      0.5000      1.0000
      0.0625      0.1375      0.5000      1.0000
      0.0625      0.1625      0.5000      1.0000
      0.0625      0.1875      0.5000      1.0000
      0.0625      0.2125      0.5000      1.0000
      0.0625      0.2375      0.5000      1.0000
      0.0625      0.2625      0.5000      1.0000
      0.0625      0.2875      0.5000      1.0000
      0.0625      0.3125      0.5000      1.0000
      0.0625      0.3375      0.5000      1.0000
      0.0625      0.3625      0.5000      1.0000
      0.0625      0.3875      0.5000      1.0000
      0.0625      0.4125      0.5000      1.0000
      0.0625      0.4375      0.5000      1.0000
      0.0625      0.4625      0.5000      1.0000
      0.0625      0.4875      0.5000      1.0000
      0.0625      0.5125      0.5000      1.0000
      0.0625      0.5375      0.5000      1.0000
      0.0625      0.5625      0.5000      1.0000
      0.0625      0.5875      0.5000      1.0000
      0.0625      0.6125      0.5000      1.0000
      0.0625      0.6375      0.5000      1.0000
      0.0625      0.6625      0.5000      1.0000
      0.0625      0.6875      0.5000      1.0000
      0.0625      0.7125      0.5000      1.0000
      0.0625      0.7375      0.5000      1.0000
      0.0625      0.7625      0.5000      1.0000
      0.0625      0.7875      0.5000      1.0000
      0.0625      0.8125      0.5000      1.0000
      0.0625      0.8375      0.5000      1.0000
      0.0625      0.8625      0.5000      1.0000
      0.0625      0.8875      0.5000      1.0000
      0.0625      0.9125      0.5000      1.0000
      0.0625      0.9375      0.5000      1.0000
      0.0625      0.9625      0.5000      1.0000
      0.0625      0.9875      0.5000      1.0000
      0.0875      0.0125      0.5000      1.0000
      0.0875      0.0375      0.5000      1.0000
      0.0875      0.0625      0.5000      1.0000
      0.0875      0.0875      0.5000      1.0000
      0.0875      0.1125      0.5000      1.0000
      0.0875      0.1375      0.5000      1.0000
      0.0875      0.1625      0.5000      1.0000
      0.0875      0.1875      0.5000      1.0000
      0.0875      0.2125      0.5000      1.0000
      0.0875      0.2375      0.5000      1.0000
      0.0875      0.2625      0.5000      1.0000
      0.0875      0.2875      0.5000      1.0000
      0.0875      0.3125      0.5000      1.0000
      0.0875      0.3375      0.5000      1.0000
      0.0875      0.3625      0.5000      1.0000
      0.0875      0.3875      0.5000      1.0000
      0.0875      0.4125      0.5000      1.0000
      0.0875      0.4375      0.5000      1.0000
      0.0875      0.4625      0.5000      1.0000
      0.0875      0.4875      0.5000      1.0000
      0.0875      0.5125      0.5000      1.0000
      0.0875      0.5375      0.5000      1.0000
      0.0875      0.5625      0.5000      1.0000
      0.0875      0.5875      0.5000      1.0000
      0.0875      0.6125      0.5000      1.0000
      0.0875      0.6375      0.5000      1.0000
      0.0875      0.6625      0.5000      1.0000
      0.0875      0.6875      0.5000      1.0000
      0.0875      0.7125      0.5000      1.0000
      0.0875      0.7375      0.5000      1.0000
      0.0875      0.7625      0.5000      1.0000
      0.0875      0.7875      0.5000      1.0000
      0.0875      0.8125      0.5000      1.0000
      0.0875      0.8375      0.5000      1.0000
      0.0875      0.8625      0.5000      1.0000
      0.0875      0.8875      0.5000      1.0000
      0.0875      0.9125      0.5000      1.0000
      0.0875      0.9375      0.5000      1.0000
      0.0875      0.9625      0.5000      1.0000
      0.0875      0.9875      0.5000      1.0000
      0.1125      0.0125      0.5000      1.0000
      0.1125      0.0375      0.5000      1.0000
      0.1125      0.0625      0.5000      1.0000
      0.1125      0.0875      0.5000      1.0000
      0.1125      0.1125      0.5000      1.0000
      0.1125      0.1375      0.5000      1.0000
      0.1125      0.1625      0.5000      1.0000
      0.1125      0.1875      0.5000      1.0000
      0.1125      0.2125      0.5000      1.0000
      0.1125      0.2375      0.5000      1.0000
      0.1125      0.2625      0.5000      1.0000
      0.1125      0.2875      0.5000      1.0000
      0.1125      0.3125      0.5000      1.0000
      0.1125      0.3375      0.5000      1.0000
      0.1125      0.3625      0.5000      1.0000
      0.1125      0.3875      0.5000      1.0000
      0.1125      0.4125      0.5000      1.0000
      0.1125      0.4375      0.5000      1.0000
      0.1125      0.4625      0.5000      1.0000
      0.1125      0.4875      0.5000      1.0000
      0.1125      0.5125      0.5000      1.0000
      0.1125      0.5375      0.5000      1.0000
      0.1125      0.5625      0.5000      1.0000
      0.1125      0.5875      0.5000      1.0000
      0.1125      0.6125      0.5000      1.0000
      0.1125      0.6375      0.5000      1.0000
      0.1125      0.6625      0.5000      1.0000
      0.1125      0.6875      0.5000      1.0000
      0.1125      0.7125      0.5000      1.0000
      0.1125      0.7375      0.5000      1.0000
      0.1125      0.7625      0.5000      1.0000
      0.1125      0.7875      0.5000      1.0000
      0.1125      0.8125      0.5000      1.0000
      0.1125      0.8375      0.5000      1.0000
      0.1125      0.8625      0.5000      1.0000
      0.1125      0.8875      0.5000      1.0000
      0.1125      0.9125      0.5000      1.0000
      0.1125      0.9375      0.5000      1.0000
      0.1125      0.9625      0.5000      1.0000
      0.1125      0.9875      0.5000      1.0000
      0.1375      0.0125      0.5000      1.0000
      0.1375      0.0375      0.5000      1.0000
      0.1375      0.0625      0.5000      1.0000
      0.1375      0.0875      0.5000      1.0000
      0.1375      0.1125      0.5000      1.0000
      0.1375      0.1375      0.5000      1.0000
      0.1375      0.1625      0.5000      1.0000
      0.1375      0.1875      0.5000      1.0000
      0.1375      0.2125      0.5000      1.0000
      0.1375      0.2375      0.5000      1.0000
      0.1375      0.2625      0.5000      1.0000
      0.1375      0.2875      0.5000      1.0000
      0.1375      0.3125      0.5000      1.0000
      0.1375      0.3375      0.5000      1.0000
      0.1375      0.3625      0.5000      1.0000
      0.1375      0.3875      0.5000      1.0000
      0.1375      0.4125      0.5000      1.0000
      0.1375      0.4375      0.5000      1.0000
      0.1375      0.4625      0.5000      1.0000
      0.1375      0.4875      0.5000      1.0000
      0.1375      0.5125      0.5000      1.0000
      0.1375      0.5375      0.5000      1.0000
      0.1375      0.5625      0.5000      1.0000
      0.1375      0.5875      0.5000      1.0000
      0.1375      0.6125      0.5000      1.0000
      0.1375      0.6375      0.5000      1.0000
      0.1375      0.6625      0.5000      1.0000
      0.1375      0.6875      0.5000      1.0000
      0.1375      0.7125      0.5000      1.0000
      0.1375      0.7375      0.5000      1.0000
      0.1375      0.7625      0.5000      1.0000
      0.1375      0.7875      0.5000      1.0000
      0.1375      0.8125      0.5000      1.0000
      0.1375      0.8375      0.5000      1.0000
      0.1375      0.8625      0.5000      1.0000
      0.1375      0.8875      0.5000      1.0000
      0.1375      0.9125      0.5000      1.0000
      0.1375      0.9375      0.5000      1.0000
      0.1375      0.9625      0.5000      1.0000
      0.1375      0.9875      0.5000      1.0000
      0.1625      0.0125      0.5000      1.0000
      0.1625      0.0375      0.5000      1.0000
      0.1625      0.0625      0.5000      1.0000
      0.1625      0.0875      0.5000      1.0000
      0.1625      0.1125      0.5000      1.0000
      0.1625      0.1375      0.5000      1.0000
      0.1625      0.1625      0.5000      1.0000
      0.1625      0.1875      0.5000      1.0000
      0.1625      0.2125      0.5000      1.0000
      0.1625      0.2375      0.5000      1.0000
      0.1625      0.2625      0.5000      1.0000
      0.1625      0.2875      0.5000      1.0000
      0.1625      0.3125      0.5000      1.0000
      0.1625      0.3375      0.5000      1.0000
      0.1625      0.3625      0.5000      1.0000
      0.1625      0.3875      0.5000      1.0000
      0.1625      0.4125      0.5000      1.0000
      0.1625      0.4375      0.5000      1.0000
      0.1625      0.4625      0.5000      1.0000
      0.1625      0.4875      0.5000      1.0000
      0.1625      0.5125      0.5000      1.0000
      0.1625      0.5375      0.5000      1.0000
      0.1625      0.5625      0.5000      1.0000
      0.1625      0.5875      0.5000      1.0000
      0.1625      0.6125      0.5000      1.0000
      0.1625      0.6375      0.5000      1.0000
      0.1625      0.6625      0.5000      1.0000
      0.1625      0.6875      0.5000      1.0000
      0.1625      0.7125      0.5000      1.0000
      0.1625      0.7375      0.5000      1.0000
      0.1625      0.7625      0.5000      1.0000
      0.1625      0.7875      0.5000      1.0000
      0.1625      0.8125      0.5000      1.0000
      0.1625      0.8375      0.5000      1.0000
      0.1625      0.8625      0.5000      1.0000
      0.1625      0.8875      0.5000      1.0000
      0.1625      0.9125      0.5000      1.0000
      0.1625      0.9375      0.5000      1.0000
      0.1625      0.9625      0.5000      1.0000
      0.1625      0.9875      0.5000      1.0000
      0.1875      0.0125      0.5000      1.0000
      0.1875      0.0375      0.5000      1.0000
      0.1875      0.0625      0.5000      1.0000
      0.1875      0.0875      0.5000      1.0000
      0.1875      0.1125      0.5000      1.0000
      0.1875      0.1375      0.5000      1.0000
      0.1875      0.1625      0.5000      1.0000
      0.1875      0.1875      0.5000      1.0000
      0.1875      0.2125      0.5000      1.0000
      0.1875      0.2375      0.5000      1.0000
      0.1875      0.2625      0.5000      1.0000
      0.1875      0.2875      0.5000      1.0000
      0.1875      0.3125      0.5000      1.0000
      0.1875      0.3375      0.5000      1.0000
      0.1875      0.3625      0.5000      1.0000
      0.1875      0.3875      0.5000      1.0000
      0.1875      0.4125      0.5000      1.0000
      0.1875      0.4375      0.5000      1.0000
      0.1875      0.4625      0.5000      1.0000
      0.1875      0.4875      0.5000      1.0000
      0.1875      0.5125      0.5000      1.0000
      0.1875      0.5375      0.5000      1.0000
      0.1875      0.5625      0.5000      1.0000
      0.1875      0.5875      0.5000      1.0000
      0.1875      0.6125      0.5000      1.0000
      0.1875      0.6375      0.5000      1.0000
      0.1875      0.6625      0.5000      1.0000
      0.1875      0.6875      0.5000      1.0000
      0.1875      0.7125      0.5000      1.0000
      0.1875      0.7375      0.5000      1.0000
      0.1875      0.7625      0.5000      1.0000
      0.1875      0.7875      0.5000      1.0000
      0.1875      0.8125      0.5000      1.0000
      0.1875      0.8375      0.5000      1.0000
      0.1875      0.8625      0.5000      1.0000
      0.1875      0.8875      0.5000      1.0000
      0.1875      0.9125      0.5000      1.0000
      0.1875      0.9375      0.5000      1.0000
      0.1875      0.9625      0.5000      1.0000
      0.1875      0.9875      0.5000      1.0000
      0.2125      0.0125      0.5000      1.0000
      0.2125      0.0375      0.5000      1.0000
      0.2125      0.0625      0.5000      1.0000
      0.2125      0.0875      0.5000      1.0000
      0.2125      0.1125      0.5000      1.0000
      0.2125      0.1375      0.5000      1.0000
      0.2125      0.1625      0.5000      1.0000
      0.2125      0.1875      0.5000      1.0000
      0.2125      0.2125      0.5000      1.0000
      0.2125      0.2375      0.5000      1.0000
      0.2125      0.2625      0.5000      1.0000
      0.2125      0.2875      0.5000      1.0000
      0.2125      0.3125      0.5000      1.0000
      0.2125      0.3375      0.5000      1.0000
      0.2125      0.3625      0.5000      1.0000
      0.2125      0.3875      0.5000      1.0000
      0.2125      0.4125      0.5000      1.0000
      0.2125      0.4375      0.5000      1.0000
      0.2125      0.4625      0.5000      1.0000
      0.2125      0.4875      0.5000      1.0000
      0.2125      0.5125      0.5000      1.0000
      0.2125      0.5375      0.5000      1.0000
      0.2125      0.5625      0.5000      1.0000
      0.2125      0.5875      0.5000      1.0000
      0.2125      0.6125      0.5000      1.0000
      0.2125      0.6375      0.5000      1.0000
      0.2125      0.6625      0.5000      1.0000
      0.2125      0.6875      0.5000      1.0000
      0.2125      0.7125      0.5000      1.0000
      0.2125      0.7375      0.5000      1.0000
      0.2125      0.7625      0.5000      1.0000
      0.2125      0.7875      0.5000      1.0000
      0.2125      0.8125      0.5000      1.0000
      0.2125      0.8375      0.5000      1.0000
      0.2125      0.8625      0.5000      1.0000
      0.2125      0.8875      0.5000      1.0000
      0.2125      0.9125      0.5000      1.0000
      0.2125      0.9375      0.5000      1.0000
      0.2125      0.9625      0.5000      1.0000
      0.2125      0.9875      0.5000      1.0000
      0.2375      0.0125      0.5000      1.0000
      0.2375      0.0375      0.5000      1.0000
      0.2375      0.0625      0.5000      1.0000
      0.2375      0.0875      0.5000      1.0000
      0.2375      0.1125      0.5000      1.0000
      0.2375      0.1375      0.5000      1.0000
      0.2375      0.1625      0.5000      1.0000
      0.2375      0.1875      0.5000      1.0000
      0.2375      0.2125      0.5000      1.0000
      0.2375      0.2375      0.5000      1.0000
      0.2375      0.2625      0.5000      1.0000
      0.2375      0.2875      0.5000      1.0000
      0.2375      0.3125      0.5000      1.0000
      0.2375      0.3375      0.5000      1.0000
      0.2375      0.3625      0.5000      1.0000
      0.2375      0.3875      0.5000      1.0000
      0.2375      0.4125      0.5000      1.0000
      0.2375      0.4375      0.5000      1.0000
      0.2375      0.4625      0.5000      1.0000
      0.2375      0.4875      0.5000      1.0000
      0.2375      0.5125      0.5000      1.0000
      0.2375      0.5375      0.5000      1.0000
      0.2375      0.5625      0.5000      1.0000
      0.2375      0.5875      0.5000      1.0000
      0.2375      0.6125      0.5000      1.0000
      0.2375      0.6375      0.5000      1.0000
      0.2375      0.6625      0.5000      1.0000
      0.2375      0.6875      0.5000      1.0000
      0.2375      0.7125      0.5000      1.0000
      0.2375      0.7375      0.5000      1.0000
      0.2375      0.7625      0.5000      1.0000
      0.2375      0.7875      0.5000      1.0000
      0.2375      0.8125      0.5000      1.0000
      0.2375      0.8375      0.5000      1.0000
      0.2375      0.8625      0.5000      1.0000
      0.2375      0.8875      0.5000      1.0000
      0.2375      0.9125      0.5000      1.0000
      0.2375      0.9375      0.5000      1.0000
      0.2375      0.9625      0.5000      1.0000
      0.2375      0.9875      0.5000      1.0000
      0.2625      0.0125      0.5000      1.0000
      0.2625      0.0375      0.5000      1.0000
      0.2625      0.0625      0.5000      1.0000
      0.2625      0.0875      0.5000      1.0000
      0.2625      0.1125      0.5000      1.0000
      0.2625      0.1375      0.5000      1.0000
      0.2625      0.1625      0.5000      1.0000
      0.2625      0.1875      0.5000      1.0000
      0.2625      0.2125      0.5000      1.0000
      0.2625      0.2375      0.5000      1.0000
      0.2625      0.2625      0.5000      1.0000
      0.2625      0.2875      0.5000      1.0000
      0.2625      0.3125      0.5000      1.0000
      0.2625      0.3375      0.5000      1.0000
      0.2625      0.3625      0.5000      1.0000
      0.2625      0.3875      0.5000      1.0000
      0.2625      0.4125      0.5000      1.0000
      0.2625      0.4375      0.5000      1.0000
      0.2625      0.4625      0.5000      1.0000
      0.2625      0.4875      0.5000      1.0000
      0.2625      0.5125      0.5000      1.0000
      0.2625      0.5375      0.5000      1.0000
      0.2625      0.5625      0.5000      1.0000
      0.2625      0.5875      0.5000      1.0000
      0.2625      0.6125      0.5000      1.0000
      0.2625      0.6375      0.5000      1.0000
      0.2625      0.6625      0.5000      1.0000
      0.2625      0.6875      0.5000      1.0000
      0.2625      0.7125      0.5000      1.0000
      0.2625      0.7375      0.5000      1.0000
      0.2625      0.7625      0.5000      1.0000
      0.2625      0.7875      0.5000      1.0000
      0.2625      0.8125      0.5000      1.0000
      0.2625      0.8375      0.5000      1.0000
      0.2625      0.8625      0.5000      1.0000
      0.2625      0.8875      0.5000      1.0000
      0.2625      0.9125      0.5000      1.0000
      0.2625      0.9375      0.5000      1.0000
      0.2625      0.9625      0.5000      1.0000
      0.2625      0.9875      0.5000      1.0000
      0.2875      0.0125      0.5000      1.0000
      0.2875      0.0375      0.5000      1.0000
      0.2875      0.0625      0.5000      1.0000
      0.2875      0.0875      0.5000      1.0000
      0.2875      0.1125      0.5000      1.0000
      0.2875      0.1375      0.5000      1.0000
      0.2875      0.1625      0.5000      1.0000
      0.2875      0.1875      0.5000      1.0000
      0.2875      0.2125      0.5000      1.0000
      0.2875      0.2375      0.5000      1.0000
      0.2875      0.2625      0.5000      1.0000
      0.2875      0.2875      0.5000      1.0000
      0.2875      0.3125      0.5000      1.0000
      0.2875      0.3375      0.5000      1.0000
      0.2875      0.3625      0.5000      1.0000
      0.2875      0.3875      0.5000      1.0000
      0.2875      0.4125      0.5000      1.0000
      0.2875      0.4375      0.5000      1.0000
      0.2875      0.4625      0.5000      1.0000
      0.2875      0.4875      0.5000      1.0000
      0.2875      0.5125      0.5000      1.0000
      0.2875      0.5375      0.5000      1.0000
      0.2875      0.5625      0.5000      1.0000
      0.2875      0.5875      0.5000      1.0000
      0.2875      0.6125      0.5000      1.0000
      0.2875      0.6375      0.5000      1.0000
      0.2875      0.6625      0.5000      1.0000
      0.2875      0.6875      0.5000      1.0000
      0.2875      0.7125      0.5000      1.0000
      0.2875      0.7375      0.5000      1.0000
      0.2875      0.7625      0.5000      1.0000
      0.2875      0.7875      0.5000      1.0000
      0.2875      0.8125      0.5000      1.0000
      0.2875      0.8375      0.5000      1.0000
      0.2875      0.8625      0.5000      1.0000
      0.2875      0.8875      0.5000      1.0000
      0.2875      0.9125      0.5000      1.0000
      0.2875      0.9375      0.5000      1.0000
      0.2875      0.9625      0.5000      1.0000
      0.2875      0.9875      0.5000      1.0000
      0.3125      0.0125      0.5000      1.0000
      0.3125      0.0375      0.5000      1.0000
      0.3125      0.0625      0.5000      1.0000
      0.3125      0.0875      0.5000      1.0000
      0.3125      0.1125      0.5000      1.0000
      0.3125      0.1375      0.5000      1.0000
      0.3125      0.1625      0.5000      1.0000
      0.3125      0.1875      0.5000      1.0000
      0.3125      0.2125      0.5000      1.0000
      0.3125      0.2375      0.5000      1.0000
      0.3125      0.2625      0.5000      1.0000
      0.3125      0.2875      0.5000      1.0000
      0.3125      0.3125      0.5000      1.0000
      0.3125      0.3375      0.5000      1.0000
      0.3125      0.3625      0.5000      1.0000
      0.3125      0.3875      0.5000      1.0000
      0.3125      0.4125      0.5000      1.0000
      0.3125      0.4375      0.5000      1.0000
      0.3125      0.4625      0.5000      1.0000
      0.3125      0.4875      0.5000      1.0000
      0.3125      0.5125      0.5000      1.0000
      0.3125      0.5375      0.5000      1.0000
      0.3125      0.5625      0.5000      1.0000
      0.3125      0.5875      0.5000      1.0000
      0.3125      0.6125      0.5000      1.0000
      0.3125      0.6375      0.5000      1.0000
      0.3125      0.6625      0.5000      1.0000
      0.3125      0.6875      0.5000      1.0000
      0.3125      0.7125      0.5000      1.0000
      0.3125      0.7375      0.5000      1.0000
      0.3125      0.7625      0.5000      1.0000
      0.3125      0.7875      0.5000      1.0000
      0.3125      0.8125      0.5000      1.0000
      0.3125      0.8375      0.5000      1.0000
      0.3125      0.8625      0.5000      1.0000
      0.3125      0.8875      0.5000      1.0000
      0.3125      0.9125      0.5000      1.0000
      0.3125      0.9375      0.5000      1.0000
      0.3125      0.9625      0.5000      1.0000
      0.3125      0.9875      0.5000      1.0000
      0.3375      0.0125      0.5000      1.0000
      0.3375      0.0375      0.5000      1.0000
      0.3375      0.0625      0.5000      1.0000
      0.3375      0.0875      0.5000      1.0000
      0.3375      0.1125      0.5000      1.0000
      0.3375      0.1375      0.5000      1.0000
      0.3375      0.1625      0.5000      1.0000
      0.3375      0.1875      0.5000      1.0000
      0.3375      0.2125      0.5000      1.0000
      0.3375      0.2375      0.5000      1.0000
      0.3375      0.2625      0.5000      1.0000
      0.3375      0.2875      0.5000      1.0000
      0.3375      0.3125      0.5000      1.0000
      0.3375      0.3375      0.5000      1.0000
      0.3375      0.3625      0.5000      1.0000
      0.3375      0.3875      0.5000      1.0000
      0.3375      0.4125      0.5000      1.0000
      0.3375      0.4375      0.5000      1.0000
      0.3375      0.4625      0.5000      1.0000
      0.3375      0.4875      0.5000      1.0000
      0.3375      0.5125      0.5000      1.0000
      0.3375      0.5375      0.5000      1.0000
      0.3375      0.5625      0.5000      1.0000
      0.3375      0.5875      0.5000      1.0000
      0.3375      0.6125      0.5000      1.0000
      0.3375      0.6375      0.5000      1.0000
      0.3375      0.6625      0.5000      1.0000
      0.3375      0.6875      0.5000      1.0000
      0.3375      0.7125      0.5000      1.0000
      0.3375      0.7375      0.5000      1.0000
      0.3375      0.7625      0.5000      1.0000
      0.3375      0.7875      0.5000      1.0000
      0.3375      0.8125      0.5000      1.0000
      0.3375      0.8375      0.5000      1.0000
      0.3375      0.8625      0.5000      1.0000
      0.3375      0.8875      0.5000      1.0000
      0.3375      0.9125      0.5000      1.0000
      0.3375      0.9375      0.5000      1.0000
      0.3375      0.9625      0.5000      1.0000
      0.3375      0.9875      0.5000      1.0000
      0.3625      0.0125      0.5000      1.0000
      0.3625      0.0375      0.5000      1.0000
      0.3625      0.0625      0.5000      1.0000
      0.3625      0.0875      0.5000      1.0000
      0.3625      0.1125      0.5000      1.0000
      0.3625      0.1375      0.5000      1.0000
      0.3625      0.1625      0.5000      1.0000
      0.3625      0.1875      0.5000      1.0000
      0.3625      0.2125      0.5000      1.0000
      0.3625      0.2375      0.5000      1.0000
      0.3625      0.2625      0.5000      1.0000
      0.3625      0.2875      0.5000      1.0000
      0.3625      0.3125      0.5000      1.0000
      0.3625      0.3375      0.5000      1.0000
      0.3625      0.3625      0.5000      1.0000
      0.3625      0.3875      0.5000      1.0000
      0.3625      0.4125      0.5000      1.0000
      0.3625      0.4375      0.5000      1.0000
      0.3625      0.4625      0.5000      1.0000
      0.3625      0.4875      0.5000      1.0000
      0.3625      0.5125      0.5000      1.0000
      0.3625      0.5375      0.5000      1.0000
      0.3625      0.5625      0.5000      1.0000
      0.3625      0.5875      0.5000      1.0000
      0.3625      0.6125      0.5000      1.0000
      0.3625      0.6375      0.5000      1.0000
      0.3625      0.6625      0.5000      1.0000
      0.3625      0.6875      0.5000      1.0000
      0.3625      0.7125      0.5000      1.0000
      0.3625      0.7375      0.5000      1.0000
      0.3625      0.7625      0.5000      1.0000
      0.3625      0.7875      0.5000      1.0000
      0.3625      0.8125      0.5000      1.0000
      0.3625      0.8375      0.5000      1.0000
      0.3625      0.8625      0.5000      1.0000
      0.3625      0.8875      0.5000      1.0000
      0.3625      0.9125      0.5000      1.0000
      0.3625      0.9375      0.5000      1.0000
      0.3625      0.9625      0.5000      1.0000
      0.3625      0.9875      0.5000      1.0000
      0.3875      0.0125      0.5000      1.0000
      0.3875      0.0375      0.5000      1.0000
      0.3875      0.0625      0.5000      1.0000
      0.3875      0.0875      0.5000      1.0000
      0.3875      0.1125      0.5000      1.0000
      0.3875      0.1375      0.5000      1.0000
      0.3875      0.1625      0.5000      1.0000
      0.3875      0.1875      0.5000      1.0000
      0.3875      0.2125      0.5000      1.0000
      0.3875      0.2375      0.5000      1.0000
      0.3875      0.2625      0.5000      1.0000
      0.3875      0.2875      0.5000      1.0000
      0.3875      0.3125      0.5000      1.0000
      0.3875      0.3375      0.5000      1.0000
      0.3875      0.3625      0.5000      1.0000
      0.3875      0.3875      0.5000      1.0000
      0.3875      0.4125      0.5000      1.0000
      0.3875      0.4375      0.5000      1.0000
      0.3875      0.4625      0.5000      1.0000
      0.3875      0.4875      0.5000      1.0000
      0.3875      0.5125      0.5000      1.0000
      0.3875      0.5375      0.5000      1.0000
      0.3875      0.5625      0.5000      1.0000
      0.3875      0.5875      0.5000      1.0000
      0.3875      0.6125      0.5000      1.0000
      0.3875      0.6375      0.5000      1.0000
      0.3875      0.6625      0.5000      1.0000
      0.3875      0.6875      0.5000      1.0000
      0.3875      0.7125      0.5000      1.0000
      0.3875      0.7375      0.5000      1.0000
      0.3875      0.7625      0.5000      1.0000
      0.3875      0.7875      0.5000      1.0000
      0.3875      0.8125      0.5000      1.0000
      0.3875      0.8375      0.5000      1.0000
      0.3875      0.8625      0.5000      1.0000
      0.3875      0.8875      0.5000      1.0000
      0.3875      0.9125      0.5000      1.0000
      0.3875      0.9375      0.5000      1.0000
      0.3875      0.9625      0.5000      1.0000
      0.3875      0.9875      0.5000      1.0000
      0.4125      0.0125      0.5000      1.0000
      0.4125      0.0375      0.5000      1.0000
      0.4125      0.0625      0.5000      1.0000
      0.4125      0.0875      0.5000      1.0000
      0.4125      0.1125      0.5000      1.0000
      0.4125      0.1375      0.5000      1.0000
      0.4125      0.1625      0.5000      1.0000
      0.4125      0.1875      0.5000      1.0000
      0.4125      0.2125      0.5000      1.0000
      0.4125      0.2375      0.5000      1.0000
      0.4125      0.2625      0.5000      1.0000
      0.4125      0.2875      0.5000      1.0000
      0.4125      0.3125      0.5000      1.0000
      0.4125      0.3375      0.5000      1.0000
      0.4125      0.3625      0.5000      1.0000
      0.4125      0.3875      0.5000      1.0000
      0.4125      0.4125      0.5000      1.0000
      0.4125      0.4375      0.5000      1.0000
      0.4125      0.4625      0.5000      1.0000
      0.4125      0.4875      0.5000      1.0000
      0.4125      0.5125      0.5000      1.0000
      0.4125      0.5375      0.5000      1.0000
      0.4125      0.5625      0.5000      1.0000
      0.4125      0.5875      0.5000      1.0000
      0.4125      0.6125      0.5000      1.0000
      0.4125      0.6375      0.5000      1.0000
      0.4125      0.6625      0.5000      1.0000
      0.4125      0.6875      0.5000      1.0000
      0.4125      0.7125      0.5000      1.0000
      0.4125      0.7375      0.5000      1.0000
      0.4125      0.7625      0.5000      1.0000
      0.4125      0.7875      0.5000      1.0000
      0.4125      0.8125      0.5000      1.0000
      0.4125      0.8375      0.5000      1.0000
      0.4125      0.8625      0.5000      1.0000
      0.4125      0.8875      0.5000      1.0000
      0.4125      0.9125      0.5000      1.0000
      0.4125      0.9375      0.5000      1.0000
      0.4125      0.9625      0.5000      1.0000
      0.4125      0.9875      0.5000      1.0000
      0.4375      0.0125      0.5000      1.0000
      0.4375      0.0375      0.5000      1.0000
      0.4375      0.0625      0.5000      1.0000
      0.4375      0.0875      0.5000      1.0000
      0.4375      0.1125      0.5000      1.0000
      0.4375      0.1375      0.5000      1.0000
      0.4375      0.1625      0.5000      1.0000
      0.4375      0.1875      0.5000      1.0000
      0.4375      0.2125      0.5000      1.0000
      0.4375      0.2375      0.5000      1.0000
      0.4375      0.2625      0.5000      1.0000
      0.4375      0.2875      0.5000      1.0000
      0.4375      0.3125      0.5000      1.0000
      0.4375      0.3375      0.5000      1.0000
      0.4375      0.3625      0.5000      1.0000
      0.4375      0.3875      0.5000      1.0000
      0.4375      0.4125      0.5000      1.0000
      0.4375      0.4375      0.5000      1.0000
      0.4375      0.4625      0.5000      1.0000
      0.4375      0.4875      0.5000      1.0000
      0.4375      0.5125      0.5000      1.0000
      0.4375      0.5375      0.5000      1.0000
      0.4375      0.5625      0.5000      1.0000
      0.4375      0.5875      0.5000      1.0000
      0.4375      0.6125      0.5000      1.0000
      0.4375      0.6375      0.5000      1.0000
      0.4375      0.6625      0.5000      1.0000
      0.4375      0.6875      0.5000      1.0000
      0.4375      0.7125      0.5000      1.0000
      0.4375      0.7375      0.5000      1.0000
      0.4375      0.7625      0.5000      1.0000
      0.4375      0.7875      0.5000      1.0000
      0.4375      0.8125      0.5000      1.0000
      0.4375      0.8375      0.5000      1.0000
      0.4375      0.8625      0.5000      1.0000
      0.4375      0.8875      0.5000      1.0000
      0.4375      0.9125      0.5000      1.0000
      0.4375      0.9375      0.5000      1.0000
      0.4375      0.9625      0.5000      1.0000
      0.4375      0.9875      0.5000      1.0000
      0.4625      0.0125      0.5000      1.0000
      0.4625      0.0375      0.5000      1.0000
      0.4625      0.0625      0.5000      1.0000
      0.4625      0.0875      0.5000      1.0000
      0.4625      0.1125      0.5000      1.0000
      0.4625      0.1375      0.5000      1.0000
      0.4625      0.1625      0.5000      1.0000
      0.4625      0.1875      0.5000      1.0000
      0.4625      0.2125      0.5000      1.0000
      0.4625      0.2375      0.5000      1.0000
      0.4625      0.2625      0.5000      1.0000
      0.4625      0.2875      0.5000      1.0000
      0.4625      0.3125      0.5000      1.0000
      0.4625      0.3375      0.5000      1.0000
      0.4625      0.3625      0.5000      1.0000
      0.4625      0.3875      0.5000      1.0000
      0.4625      0.4125      0.5000      1.0000
      0.4625      0.4375      0.5000      1.0000
      0.4625      0.4625      0.5000      1.0000
      0.4625      0.4875      0.5000      1.0000
      0.4625      0.5125      0.5000      1.0000
      0.4625      0.5375      0.5000      1.0000
      0.4625      0.5625      0.5000      1.0000
      0.4625      0.5875      0.5000      1.0000
      0.4625      0.6125      0.5000      1.0000
      0.4625      0.6375      0.5000      1.0000
      0.4625      0.6625      0.5000      1.0000
      0.4625      0.6875      0.5000      1.0000
      0.4625      0.7125      0.5000      1.0000
      0.4625      0.7375      0.5000      1.0000
      0.4625      0.7625      0.5000      1.0000
      0.4625      0.7875      0.5000      1.0000
      0.4625      0.8125      0.5000      1.0000
      0.4625      0.8375      0.5000      1.0000
      0.4625      0.8625      0.5000      1.0000
      0.4625      0.8875      0.5000      1.0000
      0.4625      0.9125      0.5000      1.0000
      0.4625      0.9375      0.5000      1.0000
      0.4625      0.9625      0.5000      1.0000
      0.4625      0.9875      0.5000      1.0000
      0.4875      0.0125      0.5000      1.0000
      0.4875      0.0375      0.5000      1.0000
      0.4875      0.0625      0.5000      1.0000
      0.4875      0.0875      0.5000      1.0000
      0.4875      0.1125      0.5000      1.0000
      0.4875      0.1375      0.5000      1.0000
      0.4875      0.1625      0.5000      1.0000
      0.4875      0.1875      0.5000      1.0000
      0.4875      0.2125      0.5000      1.0000
      0.4875      0.2375      0.5000      1.0000
      0.4875      0.2625      0.5000      1.0000
      0.4875      0.2875      0.5000      1.0000
      0.4875      0.3125      0.5000      1.0000
      0.4875      0.3375      0.5000      1.0000
      0.4875      0.3625      0.5000      1.0000
      0.4875      0.3875      0.5000      1.0000
      0.4875      0.4125      0.5000      1.0000
      0.4875      0.4375      0.5000      1.0000
      0.4875      0.4625      0.5000      1.0000
      0.4875      0.4875      0.5000      1.0000
      0.4875      0.5125      0.5000      1.0000
      0.4875      0.5375      0.5000      1.0000
      0.4875      0.5625      0.5000      1.0000
      0.4875      0.5875      0.5000      1.0000
      0.4875      0.6125      0.5000      1.0000
      0.4875      0.6375      0.5000      1.0000
      0.4875      0.6625      0.5000      1.0000
      0.4875      0.6875      0.5000      1.0000
      0.4875      0.7125      0.5000      1.0000
      0.4875      0.7375      0.5000      1.0000
      0.4875      0.7625      0.5000      1.0000
      0.4875      0.7875      0.5000      1.0000
      0.4875      0.8125      0.5000      1.0000
      0.4875      0.8375      0.5000      1.0000
      0.4875      0.8625      0.5000      1.0000
      0.4875      0.8875      0.5000      1.0000
      0.4875      0.9125      0.5000      1.0000
      0.4875      0.9375      0.5000      1.0000
      0.4875      0.9625      0.5000      1.0000
      0.4875      0.9875      0.5000      1.0000
      0.5125      0.0125      0.5000      1.0000
      0.5125      0.0375      0.5000      1.0000
      0.5125      0.0625      0.5000      1.0000
      0.5125      0.0875      0.5000      1.0000
      0.5125      0.1125      0.5000      1.0000
      0.5125      0.1375      0.5000      1.0000
      0.5125      0.1625      0.5000      1.0000
      0.5125      0.1875      0.5000      1.0000
      0.5125      0.2125      0.5000      1.0000
      0.5125      0.2375      0.5000      1.0000
      0.5125      0.2625      0.5000      1.0000
      0.5125      0.2875      0.5000      1.0000
      0.5125      0.3125      0.5000      1.0000
      0.5125      0.3375      0.5000      1.0000
      0.5125      0.3625      0.5000      1.0000
      0.5125      0.3875      0.5000      1.0000
      0.5125      0.4125      0.5000      1.0000
      0.5125      0.4375      0.5000      1.0000
      0.5125      0.4625      0.5000      1.0000
      0.5125      0.4875      0.5000      1.0000
      0.5125      0.5125      0.5000      1.0000
      0.5125      0.5375      0.5000      1.0000
      0.5125      0.5625      0.5000      1.0000
      0.5125      0.5875      0.5000      1.0000
      0.5125      0.6125      0.5000      1.0000
      0.5125      0.6375      0.5000      1.0000
      0.5125      0.6625      0.5000      1.0000
      0.5125      0.6875      0.5000      1.0000
      0.5125      0.7125      0.5000      1.0000
      0.5125      0.7375      0.5000      1.0000
      0.5125      0.7625      0.5000      1.0000
      0.5125      0.7875      0.5000      1.0000
      0.5125      0.8125      0.5000      1.0000
      0.5125      0.8375      0.5000      1.0000
      0.5125      0.8625      0.5000      1.0000
      0.5125      0.8875      0.5000      1.0000
      0.5125      0.9125      0.5000      1.0000
      0.5125      0.9375      0.5000      1.0000
      0.5125      0.9625      0.5000      1.0000
      0.5125      0.9875      0.5000      1.0000
      0.5375      0.0125      0.5000      1.0000
      0.5375      0.0375      0.5000      1.0000
      0.5375      0.0625      0.5000      1.0000
      0.5375      0.0875      0.5000      1.0000
      0.5375      0.1125      0.5000      1.0000
      0.5375      0.1375      0.5000      1.0000
      0.5375      0.1625      0.5000      1.0000
      0.5375      0.1875      0.5000      1.0000
      0.5375      0.2125      0.5000      1.0000
      0.5375      0.2375      0.5000      1.0000
      0.5375      0.2625      0.5000      1.0000
      0.5375      0.2875      0.5000      1.0000
      0.5375      0.3125      0.5000      1.0000
      0.5375      0.3375      0.5000      1.0000
      0.5375      0.3625      0.5000      1.0000
      0.5375      0.3875      0.5000      1.0000
      0.5375      0.4125      0.5000      1.0000
      0.5375      0.4375      0.5000      1.0000
      0.5375      0.4625      0.5000      1.0000
      0.5375      0.4875      0.5000      1.0000
      0.5375      0.5125      0.5000      1.0000
      0.5375      0.5375      0.5000      1.0000
      0.5375      0.5625      0.5000      1.0000
      0.5375      0.5875      0.5000      1.0000
      0.5375      0.6125      0.5000      1.0000
      0.5375      0.6375      0.5000      1.0000
      0.5375      0.6625      0.5000      1.0000
      0.5375      0.6875      0.5000      1.0000
      0.5375      0.7125      0.5000      1.0000
      0.5375      0.7375      0.5000      1.0000
      0.5375      0.7625      0.5000      1.0000
      0.5375      0.7875      0.5000      1.0000
      0.5375      0.8125      0.5000      1.0000
      0.5375      0.8375      0.5000      1.0000
      0.5375      0.8625      0.5000      1.0000
      0.5375      0.8875      0.5000      1.0000
      0.5375      0.9125      0.5000      1.0000
      0.5375      0.9375      0.5000      1.0000
      0.5375      0.9625      0.5000      1.0000
      0.5375      0.9875      0.5000      1.0000
      0.5625      0.0125      0.5000      1.0000
      0.5625      0.0375      0.5000      1.0000
      0.5625      0.0625      0.5000      1.0000
      0.5625      0.0875      0.5000      1.0000
      0.5625      0.1125      0.5000      1.0000
      0.5625      0.1375      0.5000      1.0000
      0.5625      0.1625      0.5000      1.0000
      0.5625      0.1875      0.5000      1.0000
      0.5625      0.2125      0.5000      1.0000
      0.5625      0.2375      0.5000      1.0000
      0.5625      0.2625      0.5000      1.0000
      0.5625      0.2875      0.5000      1.0000
      0.5625      0.3125      0.5000      1.0000
      0.5625      0.3375      0.5000      1.0000
      0.5625      0.3625      0.5000      1.0000
      0.5625      0.3875      0.5000      1.0000
      0.5625      0.4125      0.5000      1.0000
      0.5625      0.4375      0.5000      1.0000
      0.5625      0.4625      0.5000      1.0000
      0.5625      0.4875      0.5000      1.0000
      0.5625      0.5125      0.5000      1.0000
      0.5625      0.5375      0.5000      1.0000
      0.5625      0.5625      0.5000      1.0000
      0.5625      0.5875      0.5000      1.0000
      0.5625      0.6125      0.5000      1.0000
      0.5625      0.6375      0.5000      1.0000
      0.5625      0.6625      0.5000      1.0000
      0.5625      0.6875      0.5000      1.0000
      0.5625      0.7125      0.5000      1.0000
      0.5625      0.7375      0.5000      1.0000
      0.5625      0.7625      0.5000      1.0000
      0.5625      0.7875      0.5000      1.0000
      0.5625      0.8125      0.5000      1.0000
      0.5625      0.8375      0.5000      1.0000
      0.5625      0.8625      0.5000      1.0000
      0.5625      0.8875      0.5000      1.0000
      0.5625      0.9125      0.5000      1.0000
      0.5625      0.9375      0.5000      1.0000
      0.5625      0.9625      0.5000      1.0000
      0.5625      0.9875      0.5000      1.0000
      0.5875      0.0125      0.5000      1.0000
      0.5875      0.0375      0.5000      1.0000
      0.5875      0.0625      0.5000      1.0000
      0.5875      0.0875      0.5000      1.0000
      0.5875      0.1125      0.5000      1.0000
      0.5875      0.1375      0.5000      1.0000
      0.5875      0.1625      0.5000      1.0000
      0.5875      0.1875      0.5000      1.0000
      0.5875      0.2125      0.5000      1.0000
      0.5875      0.2375      0.5000      1.0000
      0.5875      0.2625      0.5000      1.0000
      0.5875      0.2875      0.5000      1.0000
      0.5875      0.3125      0.5000      1.0000
      0.5875      0.3375      0.5000      1.0000
      0.5875      0.3625      0.5000      1.0000
      0.5875      0.3875      0.5000      1.0000
      0.5875      0.4125      0.5000      1.0000
      0.5875      0.4375      0.5000      1.0000
      0.5875      0.4625      0.5000      1.0000
      0.5875      0.4875      0.5000      1.0000
      0.5875      0.5125      0.5000      1.0000
      0.5875      0.5375      0.5000      1.0000
      0.5875      0.5625      0.5000      1.0000
      0.5875      0.5875      0.5000      1.0000
      0.5875      0.6125      0.5000      1.0000
      0.5875      0.6375      0.5000      1.0000
      0.5875      0.6625      0.5000      1.0000
      0.5875      0.6875      0.5000      1.0000
      0.5875      0.7125      0.5000      1.0000
      0.5875      0.7375      0.5000      1.0000
      0.5875      0.7625      0.5000      1.0000
      0.5875      0.7875      0.5000      1.0000
      0.5875      0.8125      0.5000      1.0000
      0.5875      0.8375      0.5000      1.0000
      0.5875      0.8625      0.5000      1.0000
      0.5875      0.8875      0.5000      1.0000
      0.5875      0.9125      0.5000      1.0000
      0.5875      0.9375      0.5000      1.0000
      0.5875      0.9625      0.5000      1.0000
      0.5875      0.9875      0.5000      1.0000
      0.6125      0.0125      0.5000      1.0000
      0.6125      0.0375      0.5000      1.0000
      0.6125      0.0625      0.5000      1.0000
      0.6125      0.0875      0.5000      1.0000
      0.6125      0.1125      0.5000      1.0000
      0.6125      0.1375      0.5000      1.0000
      0.6125      0.1625      0.5000      1.0000
      0.6125      0.1875      0.5000      1.0000
      0.6125      0.2125      0.5000      1.0000
      0.6125      0.2375      0.5000      1.0000
      0.6125      0.2625      0.5000      1.0000
      0.6125      0.2875      0.5000      1.0000
      0.6125      0.3125      0.5000      1.0000
      0.6125      0.3375      0.5000      1.0000
      0.6125      0.3625      0.5000      1.0000
      0.6125      0.3875      0.5000      1.0000
      0.6125      0.4125      0.5000      1.0000
      0.6125      0.4375      0.5000      1.0000
      0.6125      0.4625      0.5000      1.0000
      0.6125      0.4875      0.5000      1.0000
      0.6125      0.5125      0.5000      1.0000
      0.6125      0.5375      0.5000      1.0000
      0.6125      0.5625      0.5000      1.0000
      0.6125      0.5875      0.5000      1.0000
      0.6125      0.6125      0.5000      1.0000
      0.6125      0.6375      0.5000      1.0000
      0.6125      0.6625      0.5000      1.0000
      0.6125      0.6875      0.5000      1.0000
      0.6125      0.7125      0.5000      1.0000
      0.6125      0.7375      0.5000      1.0000
      0.6125      0.7625      0.5000      1.0000
      0.6125      0.7875      0.5000      1.0000
      0.6125      0.8125      0.5000      1.0000
      0.6125      0.8375      0.5000      1.0000
      0.6125      0.8625      0.5000      1.0000
      0.6125      0.8875      0.5000      1.0000
      0.6125      0.9125      0.5000      1.0000
      0.6125      0.9375      0.5000      1.0000
      0.6125      0.9625      0.5000      1.0000
      0.6125      0.9875      0.5000      1.0000
      0.6375      0.0125      0.5000      1.0000
      0.6375      0.0375      0.5000      1.0000
      0.6375      0.0625      0.5000      1.0000
      0.6375      0.0875      0.5000      1.0000
      0.6375      0.1125      0.5000      1.0000
      0.6375      0.1375      0.5000      1.0000
      0.6375      0.1625      0.5000      1.0000
      0.6375      0.1875      0.5000      1.0000
      0.6375      0.2125      0.5000      1.0000
      0.6375      0.2375      0.5000      1.0000
      0.6375      0.2625      0.5000      1.0000
      0.6375      0.2875      0.5000      1.0000
      0.6375      0.3125      0.5000      1.0000
      0.6375      0.3375      0.5000      1.0000
      0.6375      0.3625      0.5000      1.0000
      0.6375      0.3875      0.5000      1.0000
      0.6375      0.4125      0.5000      1.0000
      0.6375      0.4375      0.5000      1.0000
      0.6375      0.4625      0.5000      1.0000
      0.6375      0.4875      0.5000      1.0000
      0.6375      0.5125      0.5000      1.0000
      0.6375      0.5375      0.5000      1.0000
      0.6375      0.5625      0.5000      1.0000
      0.6375      0.5875      0.5000      1.0000
      0.6375      0.6125      0.5000      1.0000
      0.6375      0.6375      0.5000      1.0000
      0.6375      0.6625      0.5000      1.0000
      0.6375      0.6875      0.5000      1.0000
      0.6375      0.7125      0.5000      1.0000
      0.6375      0.7375      0.5000      1.0000
      0.6375      0.7625      0.5000      1.0000
      0.6375      0.7875      0.5000      1.0000
      0.6375      0.8125      0.5000      1.0000
      0.6375      0.8375      0.5000      1.0000
      0.6375      0.8625      0.5000      1.0000
      0.6375      0.8875      0.5000      1.0000
      0.6375      0.9125      0.5000      1.0000
      0.6375      0.9375      0.5000      1.0000
      0.6375      0.9625      0.5000      1.0000
      0.6375      0.9875      0.5000      1.0000
      0.6625      0.0125      0.5000      1.0000
      0.6625      0.0375      0.5000      1.0000
      0.6625      0.0625      0.5000      1.0000
      0.6625      0.0875      0.5000      1.0000
      0.6625      0.1125      0.5000      1.0000
      0.6625      0.1375      0.5000      1.0000
      0.6625      0.1625      0.5000      1.0000
      0.6625      0.1875      0.5000      1.0000
      0.6625      0.2125      0.5000      1.0000
      0.6625      0.2375      0.5000      1.0000
      0.6625      0.2625      0.5000      1.0000
      0.6625      0.2875      0.5000      1.0000
      0.6625      0.3125      0.5000      1.0000
      0.6625      0.3375      0.5000      1.0000
      0.6625      0.3625      0.5000      1.0000
      0.6625      0.3875      0.5000      1.0000
      0.6625      0.4125      0.5000      1.0000
      0.6625      0.4375      0.5000      1.0000
      0.6625      0.4625      0.5000      1.0000
      0.6625      0.4875      0.5000      1.0000
      0.6625      0.5125      0.5000      1.0000
      0.6625      0.5375      0.5000      1.0000
      0.6625      0.5625      0.5000      1.0000
      0.6625      0.5875      0.5000      1.0000
      0.6625      0.6125      0.5000      1.0000
      0.6625      0.6375      0.5000      1.0000
      0.6625      0.6625      0.5000      1.0000
      0.6625      0.6875      0.5000      1.0000
      0.6625      0.7125      0.5000      1.0000
      0.6625      0.7375      0.5000      1.0000
      0.6625      0.7625      0.5000      1.0000
      0.6625      0.7875      0.5000      1.0000
      0.6625      0.8125      0.5000      1.0000
      0.6625      0.8375      0.5000      1.0000
      0.6625      0.8625      0.5000      1.0000
      0.6625      0.8875      0.5000      1.0000
      0.6625      0.9125      0.5000      1.0000
      0.6625      0.9375      0.5000      1.0000
      0.6625      0.9625      0.5000      1.0000
      0.6625      0.9875      0.5000      1.0000
      0.6875      0.0125      0.5000      1.0000
      0.6875      0.0375      0.5000      1.0000
      0.6875      0.0625      0.5000      1.0000
      0.6875      0.0875      0.5000      1.0000
      0.6875      0.1125      0.5000      1.0000
      0.6875      0.1375      0.5000      1.0000
      0.6875      0.1625      0.5000      1.0000
      0.6875      0.1875      0.5000      1.0000
      0.6875      0.2125      0.5000      1.0000
      0.6875      0.2375      0.5000      1.0000
      0.6875      0.2625      0.5000      1.0000
      0.6875      0.2875      0.5000      1.0000
      0.6875      0.3125      0.5000      1.0000
      0.6875      0.3375      0.5000      1.0000
      0.6875      0.3625      0.5000      1.0000
      0.6875      0.3875      0.5000      1.0000
      0.6875      0.4125      0.5000      1.0000
      0.6875      0.4375      0.5000      1.0000
      0.6875      0.4625      0.5000      1.0000
      0.6875      0.4875      0.5000      1.0000
      0.6875      0.5125      0.5000      1.0000
      0.6875      0.5375      0.5000      1.0000
      0.6875      0.5625      0.5000      1.0000
      0.6875      0.5875      0.5000      1.0000
      0.6875      0.6125      0.5000      1.0000
      0.6875      0.6375      0.5000      1.0000
      0.6875      0.6625      0.5000      1.0000
      0.6875      0.6875      0.5000      1.0000
      0.6875      0.7125      0.5000      1.0000
      0.6875      0.7375      0.5000      1.0000
      0.6875      0.7625      0.5000      1.0000
      0.6875      0.7875      0.5000      1.0000
      0.6875      0.8125      0.5000      1.0000
      0.6875      0.8375      0.5000      1.0000
      0.6875      0.8625      0.5000      1.0000
      0.6875      0.8875      0.5000      1.0000
      0.6875      0.9125      0.5000      1.0000
      0.6875      0.9375      0.5000      1.0000
      0.6875      0.9625      0.5000      1.0000
      0.6875      0.9875      0.5000      1.0000
      0.7125      0.0125      0.5000      1.0000
      0.7125      0.0375      0.5000      1.0000
      0.7125      0.0625      0.5000      1.0000
      0.7125      0.0875      0.5000      1.0000
      0.7125      0.1125      0.5000      1.0000
      0.7125      0.1375      0.5000      1.0000
      0.7125      0.1625      0.5000      1.0000
      0.7125      0.1875      0.5000      1.0000
      0.7125      0.2125      0.5000      1.0000
      0.7125      0.2375      0.5000      1.0000
      0.7125      0.2625      0.5000      1.0000
      0.7125      0.2875      0.5000      1.0000
      0.7125      0.3125      0.5000      1.0000
      0.7125      0.3375      0.5000      1.0000
      0.7125      0.3625      0.5000      1.0000
      0.7125      0.3875      0.5000      1.0000
      0.7125      0.4125      0.5000      1.0000
      0.7125      0.4375      0.5000      1.0000
      0.7125      0.4625      0.5000      1.0000
      0.7125      0.4875      0.5000      1.0000
      0.7125      0.5125      0.5000      1.0000
      0.7125      0.5375      0.5000      1.0000
      0.7125      0.5625      0.5000      1.0000
      0.7125      0.5875      0.5000      1.0000
      0.7125      0.6125      0.5000      1.0000
      0.7125      0.6375      0.5000      1.0000
      0.7125      0.6625      0.5000      1.0000
      0.7125      0.6875      0.5000      1.0000
      0.7125      0.7125      0.5000      1.0000
      0.7125      0.7375      0.5000      1.0000
      0.7125      0.7625      0.5000      1.0000
      0.7125      0.7875      0.5000      1.0000
      0.7125      0.8125      0.5000      1.0000
      0.7125      0.8375      0.5000      1.0000
      0.7125      0.8625      0.5000      1.0000
      0.7125      0.8875      0.5000      1.0000
      0.7125      0.9125      0.5000      1.0000
      0.7125      0.9375      0.5000      1.0000
      0.7125      0.9625      0.5000      1.0000
      0.7125      0.9875      0.5000      1.0000
      0.7375      0.0125      0.5000      1.0000
      0.7375      0.0375      0.5000      1.0000
      0.7375      0.0625      0.5000      1.0000
      0.7375      0.0875      0.5000      1.0000
      0.7375      0.1125      0.5000      1.0000
      0.7375      0.1375      0.5000      1.0000
      0.7375      0.1625      0.5000      1.0000
      0.7375      0.1875      0.5000      1.0000
      0.7375      0.2125      0.5000      1.0000
      0.7375      0.2375      0.5000      1.0000
      0.7375      0.2625      0.5000      1.0000
      0.7375      0.2875      0.5000      1.0000
      0.7375      0.3125      0.5000      1.0000
      0.7375      0.3375      0.5000      1.0000
      0.7375      0.3625      0.5000      1.0000
      0.7375      0.3875      0.5000      1.0000
      0.7375      0.4125      0.5000      1.0000
      0.7375      0.4375      0.5000      1.0000
      0.7375      0.4625      0.5000      1.0000
      0.7375      0.4875      0.5000      1.0000
      0.7375      0.5125      0.5000      1.0000
      0.7375      0.5375      0.5000      1.0000
      0.7375      0.5625      0.5000      1.0000
      0.7375      0.5875      0.5000      1.0000
      0.7375      0.6125      0.5000      1.0000
      0.7375      0.6375      0.5000      1.0000
      0.7375      0.6625      0.5000      1.0000
      0.7375      0.6875      0.5000      1.0000
      0.7375      0.7125      0.5000      1.0000
      0.7375      0.7375      0.5000      1.0000
      0.7375      0.7625      0.5000      1.0000
      0.7375      0.7875      0.5000      1.0000
      0.7375      0.8125      0.5000      1.0000
      0.7375      0.8375      0.5000      1.0000
      0.7375      0.8625      0.5000      1.0000
      0.7375      0.8875      0.5000      1.0000
      0.7375      0.9125      0.5000      1.0000
      0.7375      0.9375      0.5000      1.0000
      0.7375      0.9625      0.5000      1.0000
      0.7375      0.9875      0.5000      1.0000
      0.7625      0.0125      0.5000      1.0000
      0.7625      0.0375      0.5000      1.0000
      0.7625      0.0625      0.5000      1.0000
      0.7625      0.0875      0.5000      1.0000
      0.7625      0.1125      0.5000      1.0000
      0.7625      0.1375      0.5000      1.0000
      0.7625      0.1625      0.5000      1.0000
      0.7625      0.1875      0.5000      1.0000
      0.7625      0.2125      0.5000      1.0000
      0.7625      0.2375      0.5000      1.0000
      0.7625      0.2625      0.5000      1.0000
      0.7625      0.2875      0.5000      1.0000
      0.7625      0.3125      0.5000      1.0000
      0.7625      0.3375      0.5000      1.0000
      0.7625      0.3625      0.5000      1.0000
      0.7625      0.3875      0.5000      1.0000
      0.7625      0.4125      0.5000      1.0000
      0.7625      0.4375      0.5000      1.0000
      0.7625      0.4625      0.5000      1.0000
      0.7625      0.4875      0.5000      1.0000
      0.7625      0.5125      0.5000      1.0000
      0.7625      0.5375      0.5000      1.0000
      0.7625      0.5625      0.5000      1.0000
      0.7625      0.5875      0.5000      1.0000
      0.7625      0.6125      0.5000      1.0000
      0.7625      0.6375      0.5000      1.0000
      0.7625      0.6625      0.5000      1.0000
      0.7625      0.6875      0.5000      1.0000
      0.7625      0.7125      0.5000      1.0000
      0.7625      0.7375      0.5000      1.0000
      0.7625      0.7625      0.5000      1.0000
      0.7625      0.7875      0.5000      1.0000
      0.7625      0.8125      0.5000      1.0000
      0.7625      0.8375      0.5000      1.0000
      0.7625      0.8625      0.5000      1.0000
      0.7625      0.8875      0.5000      1.0000
      0.7625      0.9125      0.5000      1.0000
      0.7625      0.9375      0.5000      1.0000
      0.7625      0.9625      0.5000      1.0000
      0.7625      0.9875      0.5000      1.0000
      0.7875      0.0125      0.5000      1.0000
      0.7875      0.0375      0.5000      1.0000
      0.7875      0.0625      0.5000      1.0000
      0.7875      0.0875      0.5000      1.0000
      0.7875      0.1125      0.5000      1.0000
      0.7875      0.1375      0.5000      1.0000
      0.7875      0.1625      0.5000      1.0000
      0.7875      0.1875      0.5000      1.0000
      0.7875      0.2125      0.5000      1.0000
      0.7875      0.2375      0.5000      1.0000
      0.7875      0.2625      0.5000      1.0000
      0.7875      0.2875      0.5000      1.0000
      0.7875      0.3125      0.5000      1.0000
      0.7875      0.3375      0.5000      1.0000
      0.7875      0.3625      0.5000      1.0000
      0.7875      0.3875      0.5000      1.0000
      0.7875      0.4125      0.5000      1.0000
      0.7875      0.4375      0.5000      1.0000
      0.7875      0.4625      0.5000      1.0000
      0.7875      0.4875      0.5000      1.0000
      0.7875      0.5125      0.5000      1.0000
      0.7875      0.5375      0.5000      1.0000
      0.7875      0.5625      0.5000      1.0000
      0.7875      0.5875      0.5000      1.0000
      0.7875      0.6125      0.5000      1.0000
      0.7875      0.6375      0.5000      1.0000
      0.7875      0.6625      0.5000      1.0000
      0.7875      0.6875      0.5000      1.0000
      0.7875      0.7125      0.5000      1.0000
      0.7875      0.7375      0.5000      1.0000
      0.7875      0.7625      0.5000      1.0000
      0.7875      0.7875      0.5000      1.0000
      0.7875      0.8125      0.5000      1.0000
      0.7875      0.8375      0.5000      1.0000
      0.7875      0.8625      0.5000      1.0000
      0.7875      0.8875      0.5000      1.0000
      0.7875      0.9125      0.5000      1.0000
      0.7875      0.9375      0.5000      1.0000
      0.7875      0.9625      0.5000      1.0000
      0.7875      0.9875      0.5000      1.0000
      0.8125      0.0125      0.5000      1.0000
      0.8125      0.0375      0.5000      1.0000
      0.8125      0.0625      0.5000      1.0000
      0.8125      0.0875      0.5000      1.0000
      0.8125      0.1125      0.5000      1.0000
      0.8125      0.1375      0.5000      1.0000
      0.8125      0.1625      0.5000      1.0000
      0.8125      0.1875      0.5000      1.0000
      0.8125      0.2125      0.5000      1.0000
      0.8125      0.2375      0.5000      1.0000
      0.8125      0.2625      0.5000      1.0000
      0.8125      0.2875      0.5000      1.0000
      0.8125      0.3125      0.5000      1.0000
      0.8125      0.3375      0.5000      1.0000
      0.8125      0.3625      0.5000      1.0000
      0.8125      0.3875      0.5000      1.0000
      0.8125      0.4125      0.5000      1.0000
      0.8125      0.4375      0.5000      1.0000
      0.8125      0.4625      0.5000      1.0000
      0.8125      0.4875      0.5000      1.0000
      0.8125      0.5125      0.5000      1.0000
      0.8125      0.5375      0.5000      1.0000
      0.8125      0.5625      0.5000      1.0000
      0.8125      0.5875      0.5000      1.0000
      0.8125      0.6125      0.5000      1.0000
      0.8125      0.6375      0.5000      1.0000
      0.8125      0.6625      0.5000      1.0000
      0.8125      0.6875      0.5000      1.0000
      0.8125      0.7125      0.5000      1.0000
      0.8125      0.7375      0.5000      1.0000
      0.8125      0.7625      0.5000      1.0000
      0.8125      0.7875      0.5000      1.0000
      0.8125      0.8125      0.5000      1.0000
      0.8125      0.8375      0.5000      1.0000
      0.8125      0.8625      0.5000      1.0000
      0.8125      0.8875      0.5000      1.0000
      0.8125      0.9125      0.5000      1.0000
      0.8125      0.9375      0.5000      1.0000
      0.8125      0.9625      0.5000      1.0000
      0.8125      0.9875      0.5000      1.0000
      0.8375      0.0125      0.5000      1.0000
      0.8375      0.0375      0.5000      1.0000
      0.8375      0.0625      0.5000      1.0000
      0.8375      0.0875      0.5000      1.0000
      0.8375      0.1125      0.5000      1.0000
      0.8375      0.1375      0.5000      1.0000
      0.8375      0.1625      0.5000      1.0000
      0.8375      0.1875      0.5000      1.0000
      0.8375      0.2125      0.5000      1.0000
      0.8375      0.2375      0.5000      1.0000
      0.8375      0.2625      0.5000      1.0000
      0.8375      0.2875      0.5000      1.0000
      0.8375      0.3125      0.5000      1.0000
      0.8375      0.3375      0.5000      1.0000
      0.8375      0.3625      0.5000      1.0000
      0.8375      0.3875      0.5000      1.0000
      0.8375      0.4125      0.5000      1.0000
      0.8375      0.4375      0.5000      1.0000
      0.8375      0.4625      0.5000      1.0000
      0.8375      0.4875      0.5000      1.0000
      0.8375      0.5125      0.5000      1.0000
      0.8375      0.5375      0.5000      1.0000
      0.8375      0.5625      0.5000      1.0000
      0.8375      0.5875      0.5000      1.0000
      0.8375      0.6125      0.5000      1.0000
      0.8375      0.6375      0.5000      1.0000
      0.8375      0.6625      0.5000      1.0000
      0.8375      0.6875      0.5000      1.0000
      0.8375      0.7125      0.5000      1.0000
      0.8375      0.7375      0.5000      1.0000
      0.8375      0.7625      0.5000      1.0000
      0.8375      0.7875      0.5000      1.0000
      0.8375      0.8125      0.5000      1.0000
      0.8375      0.8375      0.5000      1.0000
      0.8375      0.8625      0.5000      1.0000
      0.8375      0.8875      0.5000      1.0000
      0.8375      0.9125      0.5000      1.0000
      0.8375      0.9375      0.5000      1.0000
      0.8375      0.9625      0.5000      1.0000
      0.8375      0.9875      0.5000      1.0000
      0.8625      0.0125      0.5000      1.0000
      0.8625      0.0375      0.5000      1.0000
      0.8625      0.0625      0.5000      1.0000
      0.8625      0.0875      0.5000      1.0000
      0.8625      0.1125      0.5000      1.0000
      0.8625      0.1375      0.5000      1.0000
      0.8625      0.1625      0.5000      1.0000
      0.8625      0.1875      0.5000      1.0000
      0.8625      0.2125      0.5000      1.0000
      0.8625      0.2375      0.5000      1.0000
      0.8625      0.2625      0.5000      1.0000
      0.8625      0.2875      0.5000      1.0000
      0.8625      0.3125      0.5000      1.0000
      0.8625      0.3375      0.5000      1.0000
      0.8625      0.3625      0.5000      1.0000
      0.8625      0.3875      0.5000      1.0000
      0.8625      0.4125      0.5000      1.0000
      0.8625      0.4375      0.5000      1.0000
      0.8625      0.4625      0.5000      1.0000
      0.8625      0.4875      0.5000      1.0000
      0.8625      0.5125      0.5000      1.0000
      0.8625      0.5375      0.5000      1.0000
      0.8625      0.5625      0.5000      1.0000
      0.8625      0.5875      0.5000      1.0000
      0.8625      0.6125      0.5000      1.0000
      0.8625      0.6375      0.5000      1.0000
      0.8625      0.6625      0.5000      1.0000
      0.8625      0.6875      0.5000      1.0000
      0.8625      0.7125      0.5000      1.0000
      0.8625      0.7375      0.5000      1.0000
      0.8625      0.7625      0.5000      1.0000
      0.8625      0.7875      0.5000      1.0000
      0.8625      0.8125      0.5000      1.0000
      0.8625      0.8375      0.5000      1.0000
      0.8625      0.8625      0.5000      1.0000
      0.8625      0.8875      0.5000      1.0000
      0.8625      0.9125      0.5000      1.0000
      0.8625      0.9375      0.5000      1.0000
      0.8625      0.9625      0.5000      1.0000
      0.8625      0.9875      0.5000      1.0000
      0.8875      0.0125      0.5000      1.0000
      0.8875      0.0375      0.5000      1.0000
      0.8875      0.0625      0.5000      1.0000
      0.8875      0.0875      0.5000      1.0000
      0.8875      0.1125      0.5000      1.0000
      0.8875      0.1375      0.5000      1.0000
      0.8875      0.1625      0.5000      1.0000
      0.8875      0.1875      0.5000      1.0000
      0.8875      0.2125      0.5000      1.0000
      0.8875      0.2375      0.5000      1.0000
      0.8875      0.2625      0.5000      1.0000
      0.8875      0.2875      0.5000      1.0000
      0.8875      0.3125      0.5000      1.0000
      0.8875      0.3375      0.5000      1.0000
      0.8875      0.3625      0.5000      1.0000
      0.8875      0.3875      0.5000      1.0000
      0.8875      0.4125      0.5000      1.0000
      0.8875      0.4375      0.5000      1.0000
      0.8875      0.4625      0.5000      1.0000
      0.8875      0.4875      0.5000      1.0000
      0.8875      0.5125      0.5000      1.0000
      0.8875      0.5375      0.5000      1.0000
      0.8875      0.5625      0.5000      1.0000
      0.8875      0.5875      0.5000      1.0000
      0.8875      0.6125      0.5000      1.0000
      0.8875      0.6375      0.5000      1.0000
      0.8875      0.6625      0.5000      1.0000
      0.8875      0.6875      0.5000      1.0000
      0.8875      0.7125      0.5000      1.0000
      0.8875      0.7375      0.5000      1.0000
      0.8875      0.7625      0.5000      1.0000
      0.8875      0.7875      0.5000      1.0000
      0.8875      0.8125      0.5000      1.0000
      0.8875      0.8375      0.5000      1.0000
      0.8875      0.8625      0.5000      1.0000
      0.8875      0.8875      0.5000      1.0000
      0.8875      0.9125      0.5000      1.0000
      0.8875      0.9375      0.5000      1.0000
      0.8875      0.9625      0.5000      1.0000
      0.8875      0.9875      0.5000      1.0000
      0.9125      0.0125      0.5000      1.0000
      0.9125      0.0375      0.5000      1.0000
      0.9125      0.0625      0.5000      1.0000
      0.9125      0.0875      0.5000      1.0000
      0.9125      0.1125      0.5000      1.0000
      0.9125      0.1375      0.5000      1.0000
      0.9125      0.1625      0.5000      1.0000
      0.9125      0.1875      0.5000      1.0000
      0.9125      0.2125      0.5000      1.0000
      0.9125      0.2375      0.5000      1.0000
      0.9125      0.2625      0.5000      1.0000
      0.9125      0.2875      0.5000      1.0000
      0.9125      0.3125      0.5000      1.0000
      0.9125      0.3375      0.5000      1.0000
      0.9125      0.3625      0.5000      1.0000
      0.9125      0.3875      0.5000      1.0000
      0.9125      0.4125      0.5000      1.0000
      0.9125      0.4375      0.5000      1.0000
      0.9125      0.4625      0.5000      1.0000
      0.9125      0.4875      0.5000      1.0000
      0.9125      0.5125      0.5000      1.0000
      0.9125      0.5375      0.5000      1.0000
      0.9125      0.5625      0.5000      1.0000
      0.9125      0.5875      0.5000      1.0000
      0.9125      0.6125      0.5000      1.0000
      0.9125      0.6375      0.5000      1.0000
      0.9125      0.6625      0.5000      1.0000
      0.9125      0.6875      0.5000      1.0000
      0.9125      0.7125      0.5000      1.0000
      0.9125      0.7375      0.5000      1.0000
      0.9125      0.7625      0.5000      1.0000
      0.9125      0.7875      0.5000      1.0000
      0.9125      0.8125      0.5000      1.0000
      0.9125      0.8375      0.5000      1.0000
      0.9125      0.8625      0.5000      1.0000
      0.9125      0.8875      0.5000      1.0000
      0.9125      0.9125      0.5000      1.0000
      0.9125      0.9375      0.5000      1.0000
      0.9125      0.9625      0.5000      1.0000
      0.9125      0.9875      0.5000      1.0000
      0.9375      0.0125      0.5000      1.0000
      0.9375      0.0375      0.5000      1.0000
      0.9375      0.0625      0.5000      1.0000
      0.9375      0.0875      0.5000      1.0000
      0.9375      0.1125      0.5000      1.0000
      0.9375      0.1375      0.5000      1.0000
      0.9375      0.1625      0.5000      1.0000
      0.9375      0.1875      0.5000      1.0000
      0.9375      0.2125      0.5000      1.0000
      0.9375      0.2375      0.5000      1.0000
      0.9375      0.2625      0.5000      1.0000
      0.9375      0.2875      0.5000      1.0000
      0.9375      0.3125      0.5000      1.0000
      0.9375      0.3375      0.5000      1.0000
      0.9375      0.3625      0.5000      1.0000
      0.9375      0.3875      0.5000      1.0000
      0.9375      0.4125      0.5000      1.0000
      0.9375      0.4375      0.5000      1.0000
      0.9375      0.4625      0.5000      1.0000
      0.9375      0.4875      0.5000      1.0000
      0.9375      0.5125      0.5000      1.0000
      0.9375      0.5375      0.5000      1.0000
      0.9375      0.5625      0.5000      1.0000
      0.9375      0.5875      0.5000      1.0000
      0.9375      0.6125      0.5000      1.0000
      0.9375      0.6375      0.5000      1.0000
      0.9375      0.6625      0.5000      1.0000
      0.9375      0.6875      0.5000      1.0000
      0.9375      0.7125      0.5000      1.0000
      0.9375      0.7375      0.5000      1.0000
      0.9375      0.7625      0.5000      1.0000
      0.9375      0.7875      0.5000      1.0000
      0.9375      0.8125      0.5000      1.0000
      0.9375      0.8375      0.5000      1.0000
      0.9375      0.8625      0.5000      1.0000
      0.9375      0.8875      0.5000      1.0000
      0.9375      0.9125      0.5000      1.0000
      0.9375      0.9375      0.5000      1.0000
      0.9375      0.9625      0.5000      1.0000
      0.9375      0.9875      0.5000      1.0000
      0.9625      0.0125      0.5000      1.0000
      0.9625      0.0375      0.5000      1.0000
      0.9625      0.0625      0.5000      1.0000
      0.9625      0.0875      0.5000      1.0000
      0.9625      0.1125      0.5000      1.0000
      0.9625      0.1375      0.5000      1.0000
      0.9625      0.1625      0.5000      1.0000
      0.9625      0.1875      0.5000      1.0000
      0.9625      0.2125      0.5000      1.0000
      0.9625      0.2375      0.5000      1.0000
      0.9625      0.2625      0.5000      1.0000
      0.9625      0.2875      0.5000      1.0000
      0.9625      0.3125      0.5000      1.0000
      0.9625      0.3375      0.5000      1.0000
      0.9625      0.3625      0.5000      1.0000
      0.9625      0.3875      0.5000      1.0000
      0.9625      0.4125      0.5000      1.0000
      0.9625      0.4375      0.5000      1.0000
      0.9625      0.4625      0.5000      1.0000
      0.9625      0.4875      0.5000      1.0000
      0.9625      0.5125      0.5000      1.0000
      0.9625      0.5375      0.5000      1.0000
      0.9625      0.5625      0.5000      1.0000
      0.9625      0.5875      0.5000      1.0000
      0.9625      0.6125      0.5000      1.0000
      0.9625      0.6375      0.5000      1.0000
      0.9625      0.6625      0.5000      1.0000
      0.9625      0.6875      0.5000      1.0000
      0.9625      0.7125      0.5000      1.0000
      0.9625      0.7375      0.5000      1.0000
      0.9625      0.7625      0.5000      1.0000
      0.9625      0.7875      0.5000      1.0000
      0.9625      0.8125      0.5000      1.0000
      0.9625      0.8375      0.5000      1.0000
      0.9625      0.8625      0.5000      1.0000
      0.9625      0.8875      0.5000      1.0000
      0.9625      0.9125      0.5000      1.0000
      0.9625      0.9375      0.5000      1.0000
      0.9625      0.9625      0.5000      1.0000
      0.9625      0.9875      0.5000      1.0000
      0.9875      0.0125      0.5000      1.0000
      0.9875      0.0375      0.5000      1.0000
      0.9875      0.0625      0.5000      1.0000
      0.9875      0.0875      0.5000      1.0000
      0.9875      0.1125      0.5000      1.0000
      0.9875      0.1375      0.5000      1.0000
      0.9875      0.1625      0.5000      1.0000
      0.9875      0.1875      0.5000      1.0000
      0.9875      0.2125      0.5000      1.0000
      0.9875      0.2375      0.5000      1.0000
      0.9875      0.2625      0.5000      1.0000
      0.9875      0.2875      0.5000      1.0000
      0.9875      0.3125      0.5000      1.0000
      0.9875      0.3375      0.5000      1.0000
      0.9875      0.3625      0.5000      1.0000
      0.9875      0.3875      0.5000      1.0000
      0.9875      0.4125      0.5000      1.0000
      0.9875      0.4375      0.5000      1.0000
      0.9875      0.4625      0.5000      1.0000
      0.9875      0.4875      0.5000      1.0000
      0.9875      0.5125      0.5000      1.0000
      0.9875      0.5375      0.5000      1.0000
      0.9875      0.5625      0.5000      1.0000
      0.9875      0.5875      0.5000      1.0000
      0.9875      0.6125      0.5000      1.0000
      0.9875      0.6375      0.5000      1.0000
      0.9875      0.6625      0.5000      1.0000
      0.9875      0.6875      0.5000      1.0000
      0.9875      0.7125      0.5000      1.0000
      0.9875      0.7375      0.5000      1.0000
      0.9875      0.7625      0.5000      1.0000
      0.9875      0.7875      0.5000      1.0000
      0.9875      0.8125      0.5000      1.0000
      0.9875      0.8375      0.5000      1.0000
      0.9875      0.8625      0.5000      1.0000
      0.9875      0.8875      0.5000      1.0000
      0.9875      0.9125      0.5000      1.0000
      0.9875      0.9375      0.5000      1.0000
      0.9875      0.9625      0.5000      1.0000
      0.9875      0.9875      0.5000      1.0000

